015353287710706810000000051110001310110
015353287015356307000000049280001310110
015353287810014927000000065330001310110
015353287710707316000000076030001310110
015353287015386438000000054280001310110
015353287015375490000000025210001310110
015353287015390967000000025210001310110
015353287015389929000000064200001310110
015353287015370378000000054160001310110
015353287015373670000000064200001310110
015353287015386603000000064010001310110
015353287015379580000000027590001310110
015353287015389802000000054860001310110
015353287110028714000000064950001310110
015353287015370550000000065270001310110
015353287015382908000000055520001310110
